Номер операции      Угол элевации       Угол курса
0                   0               0
1                   19.4712               0
2                   19.4988               1.60428
3                   19.4988               1.60428
4                   19.5129               2.40642
5                   19.5416               4.0107
6                   19.5416               4.0107
7                   19.5711               5.61499
8                   19.5711               5.61499
9                   19.6014               7.21927
10                   19.6014               7.21927
11                   19.6323               8.82355
12                   19.6481               9.62569
13                   19.6481               9.62569
14                   19.6801               11.23
15                   19.6801               11.23
16                   19.7128               12.8343
17                   19.7128               12.8343
18                   19.7461               14.4385
19                   19.7461               14.4385
20                   19.7801               16.0428
21                   19.7801               16.0428
22                   19.8148               17.6471
23                   19.8148               17.6471
24                   19.8324               18.4492
25                   19.8679               20.0535
26                   19.8679               20.0535
27                   19.9041               21.6578
28                   19.9041               21.6578
29                   19.9408               23.2621
30                   19.9408               23.2621
31                   19.9594               24.0642
32                   19.9969               25.6685
33                   20.0158               26.4707
34                   20.0158               26.4707
35                   20.0349               27.2728
36                   20.0734               28.8771
37                   20.0734               28.8771
38                   20.1124               30.4814
39                   20.1124               30.4814
40                   20.1519               32.0856
41                   20.1519               32.0856
42                   20.1917               33.6899
43                   20.1917               33.6899
44                   20.2319               35.2942
45                   20.2319               35.2942
46                   20.2725               36.8985
47                   20.2725               36.8985
48                   20.3135               38.5028
49                   20.3135               38.5028
50                   20.3547               40.107
51                   20.3754               40.9092
52                   20.3754               40.9092
53                   20.3962               41.7113
54                   20.3962               41.7113
55                   20.438               43.3156
56                   20.438               43.3156
57                   20.4589               44.1178
58                   20.501               45.722
59                   20.501               45.722
60                   20.5433               47.3263
61                   20.5433               47.3263
62                   20.5644               46.5242
63                   20.6069               44.9199
64                   20.6069               44.9199
65                   20.6496               46.5242
66                   20.6496               46.5242
67                   20.671               45.722
68                   20.7139               47.3263
69                   20.7139               47.3263
70                   20.7354               46.5242
71                   20.757               45.722
72                   20.8003               47.3263
73                   20.8003               47.3263
74                   20.8437               45.722
75                   20.8437               45.722
76                   20.8655               46.5242
77                   20.9092               44.9199
78                   20.9092               44.9199
79                   20.9531               46.5242
80                   20.9531               46.5242
81                   20.9971               44.9199
82                   20.9971               44.9199
83                   21.0413               46.5242
84                   21.0413               46.5242
85                   21.0635               45.722
86                   21.0857               46.5242
87                   21.1303               44.9199
88                   21.1303               44.9199
89                   21.1527               45.722
90                   21.1975               47.3263
91                   21.1975               47.3263
92                   21.2425               45.722
93                   21.2425               45.722
94                   21.2878               47.3263
95                   21.2878               47.3263
96                   21.3104               46.5242
97                   21.3332               45.722
98                   21.3559               46.5242
99                   21.4016               44.9199
100                   21.4016               44.9199
101                   21.4475               46.5242
102                   21.4705               45.722
103                   21.4705               45.722
104                   21.5166               47.3263
105                   21.5166               47.3263
106                   21.5398               46.5242
107                   21.5862               44.9199
108                   21.5862               44.9199
109                   21.6328               46.5242
110                   21.6562               45.722
111                   21.6562               45.722
112                   21.7031               47.3263
113                   21.7031               47.3263
114                   21.7502               45.722
115                   21.7502               45.722
116                   21.7739               46.5242
117                   21.8212               44.9199
118                   21.8212               44.9199
119                   21.845               45.722
120                   21.8927               47.3263
121                   21.8927               47.3263
122                   21.9406               45.722
123                   21.9406               45.722
124                   21.9887               47.3263
125                   22.0128               46.5242
126                   22.037               45.722
127                   22.037               45.722
128                   22.0612               46.5242
129                   22.0855               45.722
130                   22.1342               47.3263
131                   22.1342               47.3263
132                   22.1586               46.5242
133                   22.2076               44.9199
134                   22.2076               44.9199
135                   22.2322               45.722
136                   22.2568               46.5242
137                   22.3062               44.9199
138                   22.3062               44.9199
139                   22.3559               46.5242
140                   22.3559               46.5242
141                   22.4057               44.9199
142                   22.4057               44.9199
143                   22.4307               45.722
144                   22.4557               46.5242
145                   22.4557               46.5242
146                   22.4557               46.5242
147                   22.4808               45.722
148                   22.4808               45.722
149                   22.506               46.5242
150                   22.506               46.5242
151                   22.5312               45.722
152                   22.5818               47.3263
153                   22.5818               47.3263
154                   22.6326               45.722
155                   22.6326               45.722
156                   22.6836               47.3263
157                   22.6836               47.3263
158                   22.7092               46.5242
159                   22.7348               45.722
160                   22.7863               47.3263
161                   22.7863               47.3263
162                   22.838               45.722
163                   22.838               45.722
164                   22.8899               47.3263
165                   22.8899               47.3263
166                   22.942               45.722
167                   22.942               45.722
168                   22.9943               47.3263
169                   22.9943               47.3263
170                   23.0206               46.5242
171                   23.0733               44.9199
172                   23.0733               44.9199
173                   23.0997               45.722
174                   23.1262               46.5242
175                   23.1527               45.722
176                   23.1793               46.5242
177                   23.206               45.722
178                   23.2327               46.5242
179                   23.2595               45.722
180                   23.2863               46.5242
181                   23.3132               45.722
182                   23.3401               46.5242
183                   23.3672               45.722
184                   23.4213               47.3263
185                   23.4213               47.3263
186                   23.4758               45.722
187                   23.4758               45.722
188                   23.5031               46.5242
189                   23.5304               45.722
190                   23.5579               46.5242
191                   23.6129               44.9199
192                   23.6129               44.9199
193                   23.6682               46.5242
194                   23.7237               44.9199
195                   23.7795               46.5242
196                   23.8074               45.722
197                   23.8636               47.3263
198                   23.8636               47.3263
199                   23.92               45.722
200                   23.92               45.722
201                   23.9766               47.3263
202                   23.9766               47.3263
203                   24.0335               45.722
204                   24.0335               45.722
205                   24.0906               47.3263
206                   24.0906               47.3263
207                   24.148               45.722
208                   24.148               45.722
209                   24.2057               47.3263
210                   24.2346               46.5242
211                   24.2346               46.5242
212                   24.2927               44.9199
213                   24.2927               44.9199
214                   24.3218               45.722
215                   24.351               46.5242
216                   24.3802               45.722
217                   24.4389               47.3263
218                   24.4389               47.3263
219                   24.4979               45.722
220                   24.4979               45.722
221                   24.5275               46.5242
222                   24.5869               44.9199
223                   24.6167               45.722
224                   24.6167               45.722
225                   24.6465               46.5242
226                   24.7064               44.9199
227                   24.7064               44.9199
228                   24.7365               45.722
229                   24.7666               46.5242
230                   24.8271               44.9199
231                   24.8271               44.9199
232                   24.8878               46.5242
233                   24.9183               45.722
234                   24.9183               45.722
235                   24.9795               47.3263
236                   24.9795               47.3263
237                   25.0409               45.722
238                   25.0409               45.722
239                   25.1026               47.3263
240                   25.1026               47.3263
241                   25.1336               46.5242
242                   25.1957               44.9199
243                   25.2269               45.722
244                   25.2582               46.5242
245                   25.2582               46.5242
246                   25.3209               44.9199
247                   25.3209               44.9199
248                   25.3839               46.5242
249                   25.3839               46.5242
250                   25.4472               44.9199
251                   25.4472               44.9199
252                   25.479               45.722
253                   25.5109               46.5242
254                   25.5748               44.9199
255                   25.5748               44.9199
256                   25.639               46.5242
257                   25.6712               45.722
258                   25.6712               45.722
259                   25.7035               46.5242
260                   25.7683               44.9199
261                   25.7683               44.9199
262                   25.8334               46.5242
263                   25.8334               46.5242
264                   25.8661               47.3263
265                   25.8988               46.5242
266                   25.9317               45.722
267                   25.9976               47.3263
268                   25.9976               47.3263
269                   26.0638               45.722
270                   26.0638               45.722
271                   26.1303               47.3263
272                   26.1303               47.3263
273                   26.1971               45.722
274                   26.2307               46.5242
275                   26.2307               46.5242
276                   26.298               44.9199
277                   26.298               44.9199
278                   26.3656               46.5242
279                   26.3656               46.5242
280                   26.3995               47.3263
281                   26.4336               46.5242
282                   26.5018               44.9199
283                   26.5361               45.722
284                   26.5361               45.722
285                   26.5705               46.5242
286                   26.6049               47.3263
287                   26.674               45.722
288                   26.674               45.722
289                   26.7434               47.3263
290                   26.7783               46.5242
291                   26.7783               46.5242
292                   26.8482               48.1285
293                   26.8482               48.1285
294                   26.9185               46.5242
295                   26.9538               45.722
296                   26.9538               45.722
297                   26.9891               46.5242
298                   26.9891               46.5242
299                   26.9891               46.5242
300                   26.9891               46.5242
301                   27.0246               45.722
302                   27.0246               45.722
303                   27.0246               45.722
304                   27.0601               46.5242
305                   27.0601               46.5242
306                   27.0957               45.722
307                   27.1314               46.5242
308                   27.1314               46.5242
309                   27.1314               46.5242
310                   27.1314               46.5242
311                   27.1672               45.722
312                   27.1672               45.722
313                   27.1672               45.722
314                   27.1672               45.722
315                   27.2031               46.5242
316                   27.2031               46.5242
317                   27.2031               46.5242
318                   27.239               45.722
319                   27.239               45.722
320                   27.239               45.722
321                   27.2751               46.5242
322                   27.2751               46.5242
323                   27.3112               45.722
324                   27.3112               45.722
325                   27.3112               45.722
326                   27.3475               46.5242
327                   27.3475               46.5242
328                   27.3838               47.3263
329                   27.4202               46.5242
330                   27.4202               46.5242
331                   27.4567               45.722
332                   27.5299               47.3263
333                   27.5667               46.5242
334                   27.5667               46.5242
335                   27.6036               45.722
336                   27.6405               46.5242
337                   27.6775               45.722
338                   27.7147               46.5242
339                   27.7892               44.9199
340                   27.7892               44.9199
341                   27.8641               46.5242
342                   27.8641               46.5242
343                   27.9394               48.1285
344                   27.9394               48.1285
345                   28.015               46.5242
346                   28.015               46.5242
347                   28.091               44.9199
348                   28.091               44.9199
349                   28.1292               45.722
350                   28.2058               47.3263
351                   28.2442               46.5242
352                   28.2442               46.5242
353                   28.3214               44.9199
354                   28.3601               45.722
355                   28.3601               45.722
356                   28.4379               47.3263
357                   28.4379               47.3263
358                   28.516               45.722
359                   28.516               45.722
360                   28.5946               47.3263
361                   28.5946               47.3263
362                   28.6735               45.722
363                   28.6735               45.722
364                   28.7131               46.5242
365                   28.7927               48.1285
366                   28.8326               47.3263
367                   28.8326               47.3263
368                   28.9127               45.722
369                   28.953               46.5242
370                   28.953               46.5242
371                   29.0337               44.9199
372                   29.0743               45.722
373                   29.0743               45.722
374                   29.1556               47.3263
375                   29.1556               47.3263
376                   29.2374               45.722
377                   29.2374               45.722
378                   29.3197               47.3263
379                   29.3197               47.3263
380                   29.4023               45.722
381                   29.4023               45.722
382                   29.4438               46.5242
383                   29.4854               45.722
384                   29.5689               47.3263
385                   29.5689               47.3263
386                   29.6108               46.5242
387                   29.6528               45.722
388                   29.6949               46.5242
389                   29.7795               44.9199
390                   29.7795               44.9199
391                   29.8645               46.5242
392                   29.8645               46.5242
393                   29.9072               47.3263
394                   29.9499               46.5242
395                   30.0358               48.1285
396                   30.0358               48.1285
397                   30.1222               46.5242
398                   30.1222               46.5242
399                   30.1655               45.722
400                   30.2525               47.3263
401                   30.2525               47.3263
402                   30.2962               46.5242
403                   30.2962               46.5242
404                   30.3839               44.9199
405                   30.3839               44.9199
406                   30.428               45.722
407                   30.5164               47.3263
408                   30.5164               47.3263
409                   30.6052               45.722
410                   30.6052               45.722
411                   30.6946               47.3263
412                   30.6946               47.3263
413                   30.7394               46.5242
414                   30.8294               44.9199
415                   30.8746               45.722
416                   30.8746               45.722
417                   30.9654               47.3263
418                   31.011               46.5242
419                   31.011               46.5242
420                   31.0567               45.722
421                   31.1484               47.3263
422                   31.1944               46.5242
423                   31.2406               45.722
424                   31.2406               45.722
425                   31.3333               47.3263
426                   31.3333               47.3263
427                   31.4265               45.722
428                   31.4265               45.722
429                   31.5202               47.3263
430                   31.5202               47.3263
431                   31.6144               45.722
432                   31.6144               45.722
433                   31.7091               47.3263
434                   31.7091               47.3263
435                   31.8044               45.722
436                   31.8044               45.722
437                   31.8522               46.5242
438                   31.9001               45.722
439                   31.9482               46.5242
440                   32.0447               44.9199
441                   32.0447               44.9199
442                   32.1417               46.5242
443                   32.1417               46.5242
444                   32.1904               47.3263
445                   32.2882               45.722
446                   32.3374               46.5242
447                   32.3374               46.5242
448                   32.3866               45.722
449                   32.4855               47.3263
450                   32.4855               47.3263
451                   32.5351               46.5242
452                   32.6348               44.9199
453                   32.6348               44.9199
454                   32.7351               46.5242
455                   32.7351               46.5242
456                   32.8358               48.1285
457                   32.8358               48.1285
458                   32.9372               46.5242
459                   32.9372               46.5242
460                   33.0391               44.9199
461                   33.0391               44.9199
462                   33.0902               45.722
463                   33.193               47.3263
464                   33.193               47.3263
465                   33.2963               45.722
466                   33.2963               45.722
467                   33.4002               47.3263
468                   33.4523               46.5242
469                   33.4523               46.5242
470                   33.5571               44.9199
471                   33.5571               44.9199
472                   33.6624               46.5242
473                   33.6624               46.5242
474                   33.7683               48.1285
475                   33.8215               47.3263
476                   33.8748               46.5242
477                   33.8748               46.5242
478                   33.9283               45.722
479                   33.9819               46.5242
480                   34.0356               45.722
481                   34.0896               46.5242
482                   34.1436               45.722
483                   34.1979               46.5242
484                   34.2522               45.722
485                   34.3068               46.5242
486                   34.3614               45.722
487                   34.4163               46.5242
488                   34.4712               47.3263
489                   34.5817               45.722
490                   34.5817               45.722
491                   34.6371               46.5242
492                   34.7485               44.9199
493                   34.7485               44.9199
494                   34.8605               46.5242
495                   34.8605               46.5242
496                   34.9731               48.1285
497                   35.0296               47.3263
498                   35.0863               46.5242
499                   35.0863               46.5242
500                   35.2002               44.9199
501                   35.2574               45.722
502                   35.2574               45.722
503                   35.3723               47.3263
504                   35.3723               47.3263
505                   35.4878               45.722
506                   35.4878               45.722
507                   35.604               47.3263
508                   35.604               47.3263
509                   35.7208               45.722
510                   35.7208               45.722
511                   35.7795               46.5242
512                   35.8383               45.722
513                   35.9565               47.3263
514                   35.9565               47.3263
515                   36.0754               45.722
516                   36.0754               45.722
517                   36.1949               47.3263
518                   36.1949               47.3263
519                   36.2549               46.5242
520                   36.3755               44.9199
521                   36.436               45.722
522                   36.4967               46.5242
523                   36.4967               46.5242
524                   36.6187               48.1285
525                   36.6187               48.1285
526                   36.6799               47.3263
527                   36.6799               47.3263
528                   36.7413               46.5242
529                   36.7413               46.5242
530                   36.8029               45.722
531                   36.8647               46.5242
532                   36.9266               45.722
533                   37.0511               47.3263
534                   37.1136               46.5242
535                   37.1136               46.5242
536                   37.2391               44.9199
537                   37.2391               44.9199
538                   37.3653               46.5242
539                   37.3653               46.5242
540                   37.4923               44.9199
541                   37.4923               44.9199
542                   37.62               46.5242
543                   37.62               46.5242
544                   37.7484               48.1285
545                   37.7484               48.1285
546                   37.8776               46.5242
547                   37.8776               46.5242
548                   38.0076               44.9199
549                   38.0076               44.9199
550                   38.1383               46.5242
551                   38.2039               47.3263
552                   38.2039               47.3263
553                   38.3358               45.722
554                   38.3358               45.722
555                   38.402               46.5242
556                   38.535               48.1285
557                   38.535               48.1285
558                   38.6689               46.5242
559                   38.6689               46.5242
560                   38.8034               44.9199
561                   38.8034               44.9199
562                   38.871               45.722
563                   39.0068               47.3263
564                   39.0068               47.3263
565                   39.1434               45.722
566                   39.1434               45.722
567                   39.2808               47.3263
568                   39.2808               47.3263
569                   39.419               45.722
570                   39.419               45.722
571                   39.558               47.3263
572                   39.558               47.3263
573                   39.6978               45.722
574                   39.6978               45.722
575                   39.8385               47.3263
576                   39.8385               47.3263
577                   39.98               45.722
578                   39.98               45.722
579                   40.1223               47.3263
580                   40.1223               47.3263
581                   40.1938               46.5242
582                   40.3374               44.9199
583                   40.3374               44.9199
584                   40.4095               45.722
585                   40.4818               46.5242
586                   40.6271               44.9199
587                   40.7001               45.722
588                   40.7001               45.722
589                   40.8467               47.3263
590                   40.8467               47.3263
591                   40.9942               45.722
592                   40.9942               45.722
593                   41.1426               47.3263
594                   41.1426               47.3263
595                   41.2918               45.722
596                   41.2918               45.722
597                   41.442               47.3263
598                   41.442               47.3263
599                   41.5174               46.5242
600                   41.6688               44.9199
601                   41.6688               44.9199
602                   41.8212               46.5242
603                   41.8212               46.5242
604                   41.8978               47.3263
605                   42.0515               45.722
606                   42.0515               45.722
607                   42.2062               47.3263
608                   42.2062               47.3263
609                   42.3618               45.722
610                   42.3618               45.722
611                   42.5183               47.3263
612                   42.5183               47.3263
613                   42.6758               45.722
614                   42.6758               45.722
615                   42.8342               47.3263
616                   42.8342               47.3263
617                   42.9936               45.722
618                   42.9936               45.722
619                   43.0737               46.5242
620                   43.2345               44.9199
621                   43.2345               44.9199
622                   43.3962               46.5242
623                   43.4775               47.3263
624                   43.4775               47.3263
625                   43.6407               45.722
626                   43.6407               45.722
627                   43.8049               47.3263
628                   43.8049               47.3263
629                   43.9701               45.722
630                   43.9701               45.722
631                   44.0531               46.5242
632                   44.2198               48.1285
633                   44.2198               48.1285
634                   44.3875               46.5242
635                   44.3875               46.5242
636                   44.5562               44.9199
637                   44.5562               44.9199
638                   44.6409               45.722
639                   44.8111               47.3263
640                   44.8111               47.3263
641                   44.9824               45.722
642                   44.9824               45.722
643                   45.0684               46.5242
644                   45.2412               44.9199
645                   45.2412               44.9199
646                   45.415               46.5242
647                   45.415               46.5242
648                   45.5899               48.1285
649                   45.5899               48.1285
650                   45.7658               46.5242
651                   45.7658               46.5242
652                   45.9428               44.9199
653                   45.9428               44.9199
654                   46.1209               46.5242
655                   46.1209               46.5242
656                   46.3               48.1285
657                   46.3               48.1285
658                   46.3899               47.3263
659                   46.5707               45.722
660                   46.6615               46.5242
661                   46.7525               45.722
662                   46.7525               45.722
663                   46.9355               47.3263
664                   46.9355               47.3263
665                   47.1195               45.722
666                   47.1195               45.722
667                   47.2119               46.5242
668                   47.2119               46.5242
669                   47.3976               44.9199
670                   47.3976               44.9199
671                   47.4909               45.722
672                   47.5844               46.5242
673                   47.7723               44.9199
674                   47.8667               45.722
675                   47.8667               45.722
676                   48.0563               47.3263
677                   48.0563               47.3263
678                   48.1515               46.5242
679                   48.3428               48.1285
680                   48.3428               48.1285
681                   48.4389               47.3263
682                   48.6319               45.722
683                   48.6319               45.722
684                   48.8261               47.3263
685                   48.8261               47.3263
686                   49.0215               45.722
687                   49.0215               45.722
688                   49.218               47.3263
689                   49.218               47.3263
690                   49.4156               45.722
691                   49.4156               45.722
692                   49.5149               46.5242
693                   49.7143               44.9199
694                   49.7143               44.9199
695                   49.915               46.5242
696                   50.0157               45.722
697                   50.0157               45.722
698                   50.2181               47.3263
699                   50.2181               47.3263
700                   50.4218               45.722
701                   50.4218               45.722
702                   50.6266               47.3263
703                   50.6266               47.3263
704                   50.8326               45.722
705                   50.8326               45.722
706                   50.9361               46.5242
707                   51.0398               45.722
708                   51.2483               47.3263
709                   51.2483               47.3263
710                   51.458               45.722
711                   51.5633               46.5242
712                   51.5633               46.5242
713                   51.7748               44.9199
714                   51.881               45.722
715                   51.881               45.722
716                   52.0944               47.3263
717                   52.0944               47.3263
718                   52.309               45.722
719                   52.309               45.722
720                   52.5249               47.3263
721                   52.5249               47.3263
722                   52.7421               45.722
723                   52.8511               46.5242
724                   52.8511               46.5242
725                   53.0701               44.9199
726                   53.1801               45.722
727                   53.1801               45.722
728                   53.401               47.3263
729                   53.401               47.3263
730                   53.6232               45.722
731                   53.6232               45.722
732                   53.7348               46.5242
733                   53.9589               48.1285
734                   53.9589               48.1285
735                   54.1842               46.5242
736                   54.1842               46.5242
737                   54.4109               44.9199
738                   54.4109               44.9199
739                   54.5247               45.722
740                   54.7533               47.3263
741                   54.7533               47.3263
742                   54.8681               46.5242
743                   54.9833               45.722
744                   55.2145               47.3263
745                   55.3306               46.5242
746                   55.3306               46.5242
747                   55.5637               44.9199
748                   55.5637               44.9199
749                   55.7982               46.5242
750                   55.916               47.3263
751                   55.916               47.3263
752                   56.034               46.5242
753                   56.2711               48.1285
754                   56.2711               48.1285
755                   56.3901               47.3263
756                   56.6292               45.722
757                   56.6292               45.722
758                   56.8696               47.3263
759                   56.8696               47.3263
760                   57.1113               45.722
761                   57.1113               45.722
762                   57.3544               47.3263
763                   57.3544               47.3263
764                   57.4764               46.5242
765                   57.7215               44.9199
766                   57.7215               44.9199
767                   57.9678               46.5242
768                   57.9678               46.5242
769                   58.0915               45.722
770                   58.3399               47.3263
771                   58.3399               47.3263
772                   58.5896               45.722
773                   58.5896               45.722
774                   58.8407               47.3263
775                   58.8407               47.3263
776                   59.0931               45.722
777                   59.2198               46.5242
778                   59.3468               45.722
779                   59.3468               45.722
780                   59.6019               47.3263
781                   59.6019               47.3263
782                   59.7299               46.5242
783                   59.987               44.9199
784                   59.987               44.9199
785                   60.2454               46.5242
786                   60.2454               46.5242
787                   60.5051               44.9199
788                   60.5051               44.9199
789                   60.6355               45.722
790                   60.7662               46.5242
791                   61.0286               48.1285
792                   61.0286               48.1285
793                   61.1603               47.3263
794                   61.2924               46.5242
795                   61.4248               45.722
796                   61.6905               47.3263
797                   61.8239               46.5242
798                   61.8239               46.5242
799                   61.9577               45.722
800                   62.2261               47.3263
801                   62.2261               47.3263
802                   62.4959               45.722
803                   62.6313               46.5242
804                   62.6313               46.5242
805                   62.767               45.722
806                   62.9031               46.5242
807                   63.0394               45.722
808                   63.3132               47.3263
809                   63.3132               47.3263
810                   63.5883               45.722
811                   63.7263               46.5242
812                   63.7263               46.5242
813                   64.0033               44.9199
814                   64.0033               44.9199
815                   64.2817               46.5242
816                   64.2817               46.5242
817                   64.5613               48.1285
818                   64.5613               48.1285
819                   64.8423               46.5242
820                   64.8423               46.5242
821                   64.9833               45.722
822                   65.1246               46.5242
823                   65.4081               44.9199
824                   65.4081               44.9199
825                   65.5504               45.722
826                   65.8359               47.3263
827                   65.8359               47.3263
828                   66.1227               45.722
829                   66.1227               45.722
830                   66.2666               46.5242
831                   66.5552               44.9199
832                   66.5552               44.9199
833                   66.8452               46.5242
834                   66.8452               46.5242
835                   67.1364               48.1285
836                   67.1364               48.1285
837                   67.4289               46.5242
838                   67.4289               46.5242
839                   67.7226               44.9199
840                   67.7226               44.9199
841                   68.0175               46.5242
842                   68.0175               46.5242
843                   68.3137               48.1285
844                   68.3137               48.1285
845                   68.6111               46.5242
846                   68.6111               46.5242
847                   68.7603               45.722
848                   68.9097               46.5242
849                   69.0595               45.722
850                   69.3599               47.3263
851                   69.3599               47.3263
852                   69.5106               46.5242
853                   69.6616               45.722
854                   69.9644               47.3263
855                   69.9644               47.3263
856                   70.1163               46.5242
857                   70.2684               45.722
858                   70.4208               46.5242
859                   70.7265               44.9199
860                   70.7265               44.9199
861                   71.0334               46.5242
862                   71.0334               46.5242
863                   71.1873               45.722
864                   71.4958               47.3263
865                   71.4958               47.3263
866                   71.8055               45.722
867                   71.8055               45.722
868                   72.1163               47.3263
869                   72.1163               47.3263
870                   72.4282               45.722
871                   72.5846               46.5242
872                   72.5846               46.5242
873                   72.7412               45.722
874                   72.8981               46.5242
875                   73.2126               44.9199
876                   73.3702               45.722
877                   73.3702               45.722
878                   73.6864               47.3263
879                   73.6864               47.3263
880                   73.8448               46.5242
881                   74.1624               48.1285
882                   74.1624               48.1285
883                   74.3216               47.3263
884                   74.6407               45.722
885                   74.6407               45.722
886                   74.9608               47.3263
887                   74.9608               47.3263
888                   75.2819               45.722
889                   75.2819               45.722
890                   75.604               47.3263
891                   75.604               47.3263
892                   75.7653               46.5242
893                   76.0887               44.9199
894                   76.0887               44.9199
895                   76.4131               46.5242
896                   76.4131               46.5242
897                   76.5756               45.722
898                   76.9012               47.3263
899                   76.9012               47.3263
900                   77.0644               46.5242
901                   77.2278               45.722
902                   77.5551               47.3263
903                   77.7192               46.5242
904                   77.7192               46.5242
905                   77.8834               45.722
906                   78.0478               46.5242
907                   78.2124               45.722
908                   78.5422               47.3263
909                   78.5422               47.3263
910                   78.7074               46.5242
911                   79.0383               44.9199
912                   79.0383               44.9199
913                   79.37               46.5242
914                   79.37               46.5242
915                   79.7023               44.9199
916                   79.7023               44.9199
917                   80.0355               46.5242
918                   80.0355               46.5242
919                   80.3692               48.1285
920                   80.5363               47.3263
921                   80.7036               46.5242
922                   80.7036               46.5242
923                   81.0387               44.9199
924                   81.2065               45.722
925                   81.2065               45.722
926                   81.3744               46.5242
927                   81.7107               48.1285
928                   81.879               47.3263
929                   81.879               47.3263
930                   82.2162               45.722
931                   82.2162               45.722
932                   82.5539               47.3263
933                   82.5539               47.3263
934                   82.8922               45.722
935                   83.0615               46.5242
936                   83.0615               46.5242
937                   83.4004               44.9199
938                   83.4004               44.9199
939                   83.7399               46.5242
940                   83.7399               46.5242
941                   84.0797               48.1285
942                   84.2498               47.3263
943                   84.2498               47.3263
944                   84.5903               45.722
945                   84.5903               45.722
946                   84.7607               46.5242
947                   84.9312               45.722
948                   85.2724               47.3263
949                   85.2724               47.3263
950                   85.4432               46.5242
951                   85.7849               44.9199
952                   85.9559               45.722
953                   85.9559               45.722
954                   86.298               47.3263
955                   86.298               47.3263
956                   86.6405               45.722
957                   86.6405               45.722
958                   86.9832               47.3263
959                   86.9832               47.3263
960                   18.2427               45.722
961                   18.2427               45.722
962                   18.2675               47.3263
963                   18.2675               47.3263
964                   18.2802               48.1285
965                   18.2931               48.9306
966                   18.3061               49.7327
967                   18.3061               49.7327
968                   18.3193               50.5349
969                   18.3461               52.1392
970                   18.3598               52.9413
971                   18.3736               53.7434
972                   18.3875               54.5456
973                   18.3875               54.5456
974                   18.4159               56.1499
975                   18.4159               56.1499
976                   18.4449               57.7541
977                   18.4449               57.7541
978                   18.4744               59.3584
979                   18.4744               59.3584
980                   18.5045               60.9627
981                   18.5045               60.9627
982                   18.5198               61.7649
983                   18.5352               62.567
984                   18.5664               64.1713
985                   18.5664               64.1713
986                   18.5981               65.7756
987                   18.5981               65.7756
988                   18.6303               67.3798
989                   18.6303               67.3798
990                   18.6629               68.9841
991                   18.6794               69.7863
992                   18.6794               69.7863
993                   18.7127               71.3905
994                   18.7296               72.1927
995                   18.7296               72.1927
996                   18.7465               72.9948
997                   18.7807               74.5991
998                   18.7807               74.5991
999                   18.8152               76.2034
1000                   18.8152               76.2034
1001                   18.8501               77.8077
1002                   18.8677               78.6098
1003                   18.8677               78.6098
1004                   18.9031               80.2141
1005                   18.9031               80.2141
1006                   18.9388               81.8184
1007                   18.9388               81.8184
1008                   18.9567               82.6205
1009                   18.9747               83.4227
1010                   19.011               85.0269
1011                   19.011               85.0269
1012                   19.0292               85.8291
1013                   19.0474               86.6312
1014                   19.0657               87.4334
1015                   19.084               88.2355
1016                   19.1024               89.0376
1017                   19.1208               89.8398
1018                   19.1393               90.6419
1019                   19.1763               92.2462
1020                   19.1763               92.2462
1021                   19.2135               90.6419
1022                   19.2135               90.6419
1023                   19.2508               92.2462
1024                   19.2695               91.4441
1025                   19.2695               91.4441
1026                   19.307               89.8398
1027                   19.307               89.8398
1028                   19.3446               91.4441
1029                   19.3446               91.4441
1030                   19.3824               89.8398
1031                   19.4014               90.6419
1032                   19.4014               90.6419
1033                   19.4394               92.2462
1034                   19.4394               92.2462
1035                   19.4775               90.6419
1036                   19.4775               90.6419
1037                   19.5158               92.2462
1038                   19.5158               92.2462
1039                   19.5542               90.6419
1040                   19.5735               91.4441
1041                   19.5735               91.4441
1042                   19.6122               89.8398
1043                   19.6122               89.8398
1044                   19.651               91.4441
1045                   19.651               91.4441
1046                   19.6899               89.8398
1047                   19.6899               89.8398
1048                   19.729               91.4441
1049                   19.729               91.4441
1050                   19.7682               89.8398
1051                   19.7682               89.8398
1052                   19.8076               91.4441
1053                   19.8076               91.4441
1054                   19.8472               89.8398
1055                   19.8472               89.8398
1056                   19.8869               91.4441
1057                   19.8869               91.4441
1058                   19.9267               89.8398
1059                   19.9267               89.8398
1060                   19.9668               91.4441
1061                   19.9668               91.4441
1062                   20.0069               89.8398
1063                   20.0069               89.8398
1064                   20.0472               91.4441
1065                   20.0472               91.4441
1066                   20.0877               89.8398
1067                   20.0877               89.8398
1068                   20.1283               91.4441
1069                   20.1283               91.4441
1070                   20.1691               89.8398
1071                   20.1896               90.6419
1072                   20.1896               90.6419
1073                   20.2101               91.4441
1074                   20.2512               89.8398
1075                   20.2512               89.8398
1076                   20.2924               91.4441
1077                   20.2924               91.4441
1078                   20.3339               89.8398
1079                   20.3339               89.8398
1080                   20.3546               90.6419
1081                   20.3755               91.4441
1082                   20.3963               90.6419
1083                   20.4381               92.2462
1084                   20.4591               91.4441
1085                   20.4591               91.4441
1086                   20.5012               89.8398
1087                   20.5012               89.8398
1088                   20.5223               90.6419
1089                   20.5646               92.2462
1090                   20.5646               92.2462
1091                   20.5859               91.4441
1092                   20.6071               90.6419
1093                   20.6498               92.2462
1094                   20.6498               92.2462
1095                   20.6712               91.4441
1096                   20.7141               89.8398
1097                   20.7141               89.8398
1098                   20.7572               91.4441
1099                   20.7572               91.4441
1100                   20.8005               89.8398
1101                   20.8005               89.8398
1102                   20.8221               90.6419
1103                   20.8657               92.2462
1104                   20.8657               92.2462
1105                   20.9094               90.6419
1106                   20.9094               90.6419
1107                   20.9532               92.2462
1108                   20.9532               92.2462
1109                   20.9973               90.6419
1110                   20.9973               90.6419
1111                   21.0415               92.2462
1112                   21.0415               92.2462
1113                   21.0859               90.6419
1114                   21.0859               90.6419
1115                   21.1305               92.2462
1116                   21.1528               91.4441
1117                   21.1528               91.4441
1118                   21.1977               89.8398
1119                   21.1977               89.8398
1120                   21.2202               90.6419
1121                   21.2427               91.4441
1122                   21.2653               90.6419
1123                   21.2879               91.4441
1124                   21.3106               90.6419
1125                   21.3561               92.2462
1126                   21.3561               92.2462
1127                   21.4018               90.6419
1128                   21.4018               90.6419
1129                   21.4476               89.0376
1130                   21.4476               89.0376
1131                   21.4937               90.6419
1132                   21.4937               90.6419
1133                   21.5168               89.8398
1134                   21.5631               91.4441
1135                   21.5631               91.4441
1136                   21.6096               89.8398
1137                   21.6096               89.8398
1138                   21.6564               91.4441
1139                   21.6564               91.4441
1140                   21.6798               90.6419
1141                   21.7268               89.0376
1142                   21.7268               89.0376
1143                   21.774               90.6419
1144                   21.774               90.6419
1145                   21.7977               91.4441
1146                   21.8214               90.6419
1147                   21.869               89.0376
1148                   21.869               89.0376
1149                   21.8929               89.8398
1150                   21.9168               90.6419
1151                   21.9648               92.2462
1152                   21.9648               92.2462
1153                   22.013               90.6419
1154                   22.013               90.6419
1155                   22.0613               89.0376
1156                   22.0613               89.0376
1157                   22.0856               89.8398
1158                   22.1343               91.4441
1159                   22.1343               91.4441
1160                   22.1587               90.6419
1161                   22.2077               89.0376
1162                   22.2077               89.0376
1163                   22.2323               89.8398
1164                   22.2816               91.4441
1165                   22.2816               91.4441
1166                   22.3312               89.8398
1167                   22.3312               89.8398
1168                   22.356               90.6419
1169                   22.4058               92.2462
1170                   22.4058               92.2462
1171                   22.4308               91.4441
1172                   22.4559               90.6419
1173                   22.5061               89.0376
1174                   22.5313               89.8398
1175                   22.5313               89.8398
1176                   22.5566               90.6419
1177                   22.5819               91.4441
1178                   22.6073               90.6419
1179                   22.6582               89.0376
1180                   22.6582               89.0376
1181                   22.6837               89.8398
1182                   22.735               91.4441
1183                   22.7607               90.6419
1184                   22.7607               90.6419
1185                   22.8122               92.2462
1186                   22.8381               91.4441
1187                   22.8381               91.4441
1188                   22.864               90.6419
1189                   22.916               89.0376
1190                   22.916               89.0376
1191                   22.9421               89.8398
1192                   22.9682               90.6419
1193                   23.0207               92.2462
1194                   23.047               91.4441
1195                   23.047               91.4441
1196                   23.0998               89.8398
1197                   23.0998               89.8398
1198                   23.1263               90.6419
1199                   23.1528               89.8398
1200                   23.2061               91.4441
1201                   23.2328               90.6419
1202                   23.2596               89.8398
1203                   23.2596               89.8398
1204                   23.3133               91.4441
1205                   23.3402               90.6419
1206                   23.3402               90.6419
1207                   23.3943               89.0376
1208                   23.3943               89.0376
1209                   23.4486               90.6419
1210                   23.4486               90.6419
1211                   23.5032               89.0376
1212                   23.5032               89.0376
1213                   23.558               90.6419
1214                   23.558               90.6419
1215                   23.613               92.2462
1216                   23.613               92.2462
1217                   23.6406               91.4441
1218                   23.696               89.8398
1219                   23.696               89.8398
1220                   23.7516               91.4441
1221                   23.7516               91.4441
1222                   23.7795               90.6419
1223                   23.8355               89.0376
1224                   23.8355               89.0376
1225                   23.8636               89.8398
1226                   23.8636               89.8398
1227                   23.8918               90.6419
1228                   23.92               89.8398
1229                   23.9483               90.6419
1230                   24.0051               89.0376
1231                   24.0051               89.0376
1232                   24.0336               89.8398
1233                   24.0907               91.4441
1234                   24.0907               91.4441
1235                   24.1194               90.6419
1236                   24.1481               91.4441
1237                   24.1769               90.6419
1238                   24.2347               89.0376
1239                   24.2347               89.0376
1240                   24.2927               90.6419
1241                   24.2927               90.6419
1242                   24.3219               91.4441
1243                   24.351               90.6419
1244                   24.4096               92.2462
1245                   24.439               91.4441
1246                   24.439               91.4441
1247                   24.498               89.8398
1248                   24.498               89.8398
1249                   24.5275               90.6419
1250                   24.5869               89.0376
1251                   24.5869               89.0376
1252                   24.6167               89.8398
1253                   24.6466               90.6419
1254                   24.7065               92.2462
1255                   24.7065               92.2462
1256                   24.7667               90.6419
1257                   24.7969               89.8398
1258                   24.8271               90.6419
1259                   24.8271               90.6419
1260                   24.8575               89.8398
1261                   24.9183               91.4441
1262                   24.9183               91.4441
1263                   24.9489               90.6419
1264                   24.9795               89.8398
1265                   25.0102               90.6419
1266                   25.0718               89.0376
1267                   25.0718               89.0376
1268                   25.1027               89.8398
1269                   25.1647               91.4441
1270                   25.1647               91.4441
1271                   25.1958               90.6419
1272                   25.2582               89.0376
1273                   25.2582               89.0376
1274                   25.2896               89.8398
1275                   25.3524               91.4441
1276                   25.3524               91.4441
1277                   25.384               90.6419
1278                   25.4156               91.4441
1279                   25.4473               90.6419
1280                   25.5109               89.0376
1281                   25.5109               89.0376
1282                   25.5748               90.6419
1283                   25.5748               90.6419
1284                   25.639               92.2462
1285                   25.639               92.2462
1286                   25.6712               91.4441
1287                   25.7359               89.8398
1288                   25.7359               89.8398
1289                   25.8009               91.4441
1290                   25.8009               91.4441
1291                   25.8335               90.6419
1292                   25.8661               89.8398
1293                   25.9317               91.4441
1294                   25.9317               91.4441
1295                   25.9976               89.8398
1296                   25.9976               89.8398
1297                   26.0307               90.6419
1298                   26.097               89.0376
1299                   26.097               89.0376
1300                   26.1637               90.6419
1301                   26.1637               90.6419
1302                   26.2307               92.2462
1303                   26.2307               92.2462
1304                   26.298               90.6419
1305                   26.298               90.6419
1306                   26.3656               89.0376
1307                   26.3656               89.0376
1308                   26.3996               89.8398
1309                   26.4336               90.6419
1310                   26.5019               89.0376
1311                   26.5361               89.8398
1312                   26.5705               90.6419
1313                   26.6049               91.4441
1314                   26.6049               91.4441
1315                   26.674               89.8398
1316                   26.674               89.8398
1317                   26.7435               91.4441
1318                   26.7435               91.4441
1319                   26.8132               89.8398
1320                   26.8482               90.6419
1321                   26.8833               91.4441
1322                   26.8833               91.4441
1323                   26.9538               89.8398
1324                   26.9538               89.8398
1325                   27.0246               91.4441
1326                   27.0246               91.4441
1327                   27.0601               90.6419
1328                   27.1314               89.0376
1329                   27.1314               89.0376
1330                   27.2031               90.6419
1331                   27.2031               90.6419
1332                   27.2751               92.2462
1333                   27.2751               92.2462
1334                   27.3475               90.6419
1335                   27.3475               90.6419
1336                   27.4202               89.0376
1337                   27.4202               89.0376
1338                   27.4933               90.6419
1339                   27.4933               90.6419
1340                   27.5667               92.2462
1341                   27.5667               92.2462
1342                   27.6035               91.4441
1343                   27.6775               89.8398
1344                   27.6775               89.8398
1345                   27.7519               91.4441
1346                   27.7519               91.4441
1347                   27.8266               89.8398
1348                   27.8266               89.8398
1349                   27.8641               90.6419
1350                   27.9394               89.0376
1351                   27.9394               89.0376
1352                   28.015               90.6419
1353                   28.015               90.6419
1354                   28.091               89.0376
1355                   28.091               89.0376
1356                   28.1674               90.6419
1357                   28.1674               90.6419
1358                   28.2442               92.2462
1359                   28.2442               92.2462
1360                   28.3214               90.6419
1361                   28.3214               90.6419
1362                   28.3601               89.8398
1363                   28.3989               90.6419
1364                   28.4769               89.0376
1365                   28.4769               89.0376
1366                   28.5552               90.6419
1367                   28.5552               90.6419
1368                   28.634               92.2462
1369                   28.634               92.2462
1370                   28.7131               90.6419
1371                   28.7131               90.6419
1372                   28.7528               89.8398
1373                   28.7926               90.6419
1374                   28.8726               89.0376
1375                   28.8726               89.0376
1376                   28.9529               90.6419
1377                   28.9933               91.4441
1378                   28.9933               91.4441
1379                   29.0742               89.8398
1380                   29.1149               90.6419
1381                   29.1556               89.8398
1382                   29.1965               90.6419
1383                   29.2374               89.8398
1384                   29.2374               89.8398
1385                   29.2785               90.6419
1386                   29.3609               92.2462
1387                   29.3609               92.2462
1388                   29.4023               91.4441
1389                   29.4853               89.8398
1390                   29.4853               89.8398
1391                   29.527               90.6419
1392                   29.5688               89.8398
1393                   29.6527               91.4441
1394                   29.6527               91.4441
1395                   29.7371               89.8398
1396                   29.7371               89.8398
1397                   29.7794               90.6419
1398                   29.8219               89.8398
1399                   29.9071               91.4441
1400                   29.9071               91.4441
1401                   29.9499               90.6419
1402                   29.9928               89.8398
1403                   30.0358               90.6419
1404                   30.1222               89.0376
1405                   30.1655               89.8398
1406                   30.1655               89.8398
1407                   30.2525               91.4441
1408                   30.2525               91.4441
1409                   30.34               89.8398
1410                   30.34               89.8398
1411                   30.428               91.4441
1412                   30.428               91.4441
1413                   30.5164               89.8398
1414                   30.5164               89.8398
1415                   30.5607               90.6419
1416                   30.6498               89.0376
1417                   30.6946               89.8398
1418                   30.6946               89.8398
1419                   30.7844               91.4441
1420                   30.7844               91.4441
1421                   30.8294               90.6419
1422                   30.92               89.0376
1423                   30.92               89.0376
1424                   31.011               90.6419
1425                   31.011               90.6419
1426                   31.0566               91.4441
1427                   31.1484               89.8398
1428                   31.1484               89.8398
1429                   31.1944               90.6419
1430                   31.2869               92.2462
1431                   31.2869               92.2462
1432                   31.3798               90.6419
1433                   31.3798               90.6419
1434                   31.4265               89.8398
1435                   31.5202               91.4441
1436                   31.5202               91.4441
1437                   31.6144               89.8398
1438                   31.6617               90.6419
1439                   31.6617               90.6419
1440                   31.7091               89.8398
1441                   31.7567               90.6419
1442                   31.8043               89.8398
1443                   31.9001               91.4441
1444                   31.9001               91.4441
1445                   31.9963               89.8398
1446                   31.9963               89.8398
1447                   32.0931               91.4441
1448                   32.0931               91.4441
1449                   32.1904               89.8398
1450                   32.2392               90.6419
1451                   32.2392               90.6419
1452                   32.3373               89.0376
1453                   32.3373               89.0376
1454                   32.4359               90.6419
1455                   32.4359               90.6419
1456                   32.5351               92.2462
1457                   32.5351               92.2462
1458                   32.5849               91.4441
1459                   32.6848               89.8398
1460                   32.6848               89.8398
1461                   32.7853               91.4441
1462                   32.7853               91.4441
1463                   32.8864               89.8398
1464                   32.8864               89.8398
1465                   32.988               91.4441
1466                   32.988               91.4441
1467                   33.0391               90.6419
1468                   33.1415               89.0376
1469                   33.193               89.8398
1470                   33.193               89.8398
1471                   33.2963               91.4441
1472                   33.2963               91.4441
1473                   33.3481               90.6419
1474                   33.4523               89.0376
1475                   33.4523               89.0376
1476                   33.557               90.6419
1477                   33.557               90.6419
1478                   33.6624               89.0376
1479                   33.6624               89.0376
1480                   33.7683               90.6419
1481                   33.7683               90.6419
1482                   33.8214               91.4441
1483                   33.8748               90.6419
1484                   33.9282               91.4441
1485                   34.0356               89.8398
1486                   34.0356               89.8398
1487                   34.1436               91.4441
1488                   34.1436               91.4441
1489                   34.2522               89.8398
1490                   34.2522               89.8398
1491                   34.3067               90.6419
1492                   34.3614               91.4441
1493                   34.4712               89.8398
1494                   34.4712               89.8398
1495                   34.5817               91.4441
1496                   34.5817               91.4441
1497                   34.6927               89.8398
1498                   34.6927               89.8398
1499                   34.8044               91.4441
1500                   34.8044               91.4441
1501                   34.8605               90.6419
1502                   34.9731               89.0376
1503                   34.9731               89.0376
1504                   35.0863               90.6419
1505                   35.0863               90.6419
1506                   35.2002               92.2462
1507                   35.2574               91.4441
1508                   35.2574               91.4441
1509                   35.3147               90.6419
1510                   35.4299               89.0376
1511                   35.4299               89.0376
1512                   35.4878               89.8398
1513                   35.6039               91.4441
1514                   35.6623               90.6419
1515                   35.6623               90.6419
1516                   35.7794               89.0376
1517                   35.7794               89.0376
1518                   35.8383               89.8398
1519                   35.8973               90.6419
1520                   36.0158               92.2462
1521                   36.0753               91.4441
1522                   36.0753               91.4441
1523                   36.1948               89.8398
1524                   36.1948               89.8398
