10592.1|10000|10128.9|206.415|0|217.699|0
10612.8|9999.95|10150.6|206.415|-0.981|217.699|0.1
10633.4|9999.8|10172.4|206.415|-1.962|217.699|0.2
10654.1|9999.56|10194.2|206.415|-2.943|217.699|0.3
10674.7|9999.22|10215.9|206.415|-3.924|217.699|0.4
10695.3|9998.77|10237.7|206.415|-4.905|217.699|0.5
10716|9998.23|10259.5|206.415|-5.886|217.699|0.6
10736.6|9997.6|10281.2|206.415|-6.867|217.699|0.7
10757.3|9996.86|10303|206.415|-7.848|217.699|0.8
10777.9|9996.03|10324.8|206.415|-8.829|217.699|0.9
10798.6|9995.09|10346.6|206.415|-9.81|217.699|1
10819.2|9994.06|10368.3|206.415|-10.791|217.699|1.1
10839.8|9992.94|10390.1|206.415|-11.772|217.699|1.2
10860.5|9991.71|10411.9|206.415|-12.753|217.699|1.3
10881.1|9990.39|10433.6|206.415|-13.734|217.699|1.4
10901.8|9988.96|10455.4|206.415|-14.715|217.699|1.5
10922.4|9987.44|10477.2|206.415|-15.696|217.699|1.6
10943|9985.82|10498.9|206.415|-16.677|217.699|1.7
10963.7|9984.11|10520.7|206.415|-17.658|217.699|1.8
10984.3|9982.29|10542.5|206.415|-18.639|217.699|1.9
11005|9980.38|10564.2|206.415|-19.62|217.699|2
11025.6|9978.37|10586|206.415|-20.601|217.699|2.1
11046.3|9976.26|10607.8|206.415|-21.582|217.699|2.2
11066.9|9974.05|10629.6|206.415|-22.563|217.699|2.3
11087.5|9971.75|10651.3|206.415|-23.544|217.699|2.4
11108.2|9969.34|10673.1|206.415|-24.525|217.699|2.5
11128.8|9966.84|10694.9|206.415|-25.506|217.699|2.6
11149.5|9964.24|10716.6|206.415|-26.487|217.699|2.7
11170.1|9961.54|10738.4|206.415|-27.468|217.699|2.8
11190.7|9958.75|10760.2|206.415|-28.449|217.699|2.9
11211.4|9955.85|10781.9|206.415|-29.43|217.699|3
11232|9952.86|10803.7|206.415|-30.411|217.699|3.1
11252.7|9949.77|10825.5|206.415|-31.392|217.699|3.2
11273.3|9946.58|10847.3|206.415|-32.373|217.699|3.3
11294|9943.3|10869|206.415|-33.354|217.699|3.4
11314.6|9939.91|10890.8|206.415|-34.335|217.699|3.5
11335.2|9936.43|10912.6|206.415|-35.316|217.699|3.6
11355.9|9932.85|10934.3|206.415|-36.297|217.699|3.7
11376.5|9929.17|10956.1|206.415|-37.278|217.699|3.8
11397.2|9925.39|10977.9|206.415|-38.259|217.699|3.9
11417.8|9921.52|10999.6|206.415|-39.24|217.699|4
11438.4|9917.55|11021.4|206.415|-40.221|217.699|4.1
11459.1|9913.48|11043.2|206.415|-41.202|217.699|4.2
11479.7|9909.31|11065|206.415|-42.183|217.699|4.3
11500.4|9905.04|11086.7|206.415|-43.164|217.699|4.4
11521|9900.67|11108.5|206.415|-44.145|217.699|4.5
11541.6|9896.21|11130.3|206.415|-45.126|217.699|4.6
11562.3|9891.65|11152|206.415|-46.107|217.699|4.7
11582.9|9886.99|11173.8|206.415|-47.088|217.699|4.8
11603.6|9882.23|11195.6|206.415|-48.069|217.699|4.9
11624.2|9877.37|11217.3|206.415|-49.05|217.699|5
11644.9|9872.42|11239.1|206.415|-50.031|217.699|5.1
11665.5|9867.37|11260.9|206.415|-51.012|217.699|5.2
11686.1|9862.22|11282.7|206.415|-51.993|217.699|5.3
11706.8|9856.97|11304.4|206.415|-52.974|217.699|5.4
11727.4|9851.62|11326.2|206.415|-53.955|217.699|5.5
11748.1|9846.18|11348|206.415|-54.936|217.699|5.6
11768.7|9840.64|11369.7|206.415|-55.917|217.699|5.7
11789.3|9835|11391.5|206.415|-56.898|217.699|5.8
11810|9829.26|11413.3|206.415|-57.879|217.699|5.9
11830.6|9823.42|11435|206.415|-58.86|217.699|6
11851.3|9817.48|11456.8|206.415|-59.841|217.699|6.1
11871.9|9811.45|11478.6|206.415|-60.822|217.699|6.2
11892.6|9805.32|11500.4|206.415|-61.803|217.699|6.3
11913.2|9799.09|11522.1|206.415|-62.784|217.699|6.4
11933.8|9792.76|11543.9|206.415|-63.765|217.699|6.5
11954.5|9786.34|11565.7|206.415|-64.746|217.699|6.6
11975.1|9779.81|11587.4|206.415|-65.727|217.699|6.7
11995.8|9773.19|11609.2|206.415|-66.708|217.699|6.8
12016.4|9766.47|11631|206.415|-67.689|217.699|6.9
12037|9759.65|11652.7|206.415|-68.67|217.699|7
12057.7|9752.74|11674.5|206.415|-69.651|217.699|7.1
12078.3|9745.72|11696.3|206.415|-70.632|217.699|7.2
12099|9738.61|11718.1|206.415|-71.613|217.699|7.3
12119.6|9731.4|11739.8|206.415|-72.594|217.699|7.4
12140.3|9724.09|11761.6|206.415|-73.575|217.699|7.5
12160.9|9716.69|11783.4|206.415|-74.556|217.699|7.6
12181.5|9709.18|11805.1|206.415|-75.537|217.699|7.7
12202.2|9701.58|11826.9|206.415|-76.518|217.699|7.8
12222.8|9693.88|11848.7|206.415|-77.499|217.699|7.9
12243.5|9686.08|11870.4|206.415|-78.48|217.699|8
12264.1|9678.18|11892.2|206.415|-79.461|217.699|8.1
12284.7|9670.19|11914|206.415|-80.442|217.699|8.2
12305.4|9662.09|11935.8|206.415|-81.423|217.699|8.3
12326|9653.9|11957.5|206.415|-82.404|217.699|8.4
12346.7|9645.61|11979.3|206.415|-83.385|217.699|8.5
12367.3|9637.23|12001.1|206.415|-84.366|217.699|8.6
12387.9|9628.74|12022.8|206.415|-85.347|217.699|8.7
12408.6|9620.16|12044.6|206.415|-86.328|217.699|8.8
12429.2|9611.47|12066.4|206.415|-87.309|217.699|8.9
12449.9|9602.69|12088.1|206.415|-88.29|217.699|9
12470.5|9593.82|12109.9|206.415|-89.271|217.699|9.1
12491.2|9584.84|12131.7|206.415|-90.252|217.699|9.2
12511.8|9575.77|12153.5|206.415|-91.233|217.699|9.3
12532.4|9566.59|12175.2|206.415|-92.214|217.699|9.4
12553.1|9557.32|12197|206.415|-93.195|217.699|9.5
12573.7|9547.96|12218.8|206.415|-94.176|217.699|9.6
12594.4|9538.49|12240.5|206.415|-95.157|217.699|9.7
12615|9528.92|12262.3|206.415|-96.138|217.699|9.8
12635.6|9519.26|12284.1|206.415|-97.119|217.699|9.9
12656.3|9509.5|12305.8|206.415|-98.1|217.699|10
12676.9|9499.64|12327.6|206.415|-99.081|217.699|10.1
12697.6|9489.68|12349.4|206.415|-100.062|217.699|10.2
12718.2|9479.63|12371.2|206.415|-101.043|217.699|10.3
12738.9|9469.48|12392.9|206.415|-102.024|217.699|10.4
12759.5|9459.22|12414.7|206.415|-103.005|217.699|10.5
12780.1|9448.87|12436.5|206.415|-103.986|217.699|10.6
12800.8|9438.43|12458.2|206.415|-104.967|217.699|10.7
12821.4|9427.88|12480|206.415|-105.948|217.699|10.8
12842.1|9417.24|12501.8|206.415|-106.929|217.699|10.9
12862.7|9406.49|12523.5|206.415|-107.91|217.699|11
12883.3|9395.65|12545.3|206.415|-108.891|217.699|11.1
12904|9384.72|12567.1|206.415|-109.872|217.699|11.2
12924.6|9373.68|12588.9|206.415|-110.853|217.699|11.3
12945.3|9362.55|12610.6|206.415|-111.834|217.699|11.4
12965.9|9351.31|12632.4|206.415|-112.815|217.699|11.5
12986.6|9339.98|12654.2|206.415|-113.796|217.699|11.6
13007.2|9328.55|12675.9|206.415|-114.777|217.699|11.7
13027.8|9317.03|12697.7|206.415|-115.758|217.699|11.8
13048.5|9305.4|12719.5|206.415|-116.739|217.699|11.9
13069.1|9293.68|12741.2|206.415|-117.72|217.699|12
13089.8|9281.86|12763|206.415|-118.701|217.699|12.1
13110.4|9269.94|12784.8|206.415|-119.682|217.699|12.2
13131|9257.92|12806.6|206.415|-120.663|217.699|12.3
13151.7|9245.81|12828.3|206.415|-121.644|217.699|12.4
13172.3|9233.59|12850.1|206.415|-122.625|217.699|12.5
13193|9221.28|12871.9|206.415|-123.606|217.699|12.6
13213.6|9208.87|12893.6|206.415|-124.587|217.699|12.7
13234.2|9196.36|12915.4|206.415|-125.568|217.699|12.8
13254.9|9183.76|12937.2|206.415|-126.549|217.699|12.9
13275.5|9171.05|12958.9|206.415|-127.53|217.699|13
13296.2|9158.25|12980.7|206.415|-128.511|217.699|13.1
13316.8|9145.35|13002.5|206.415|-129.492|217.699|13.2
13337.5|9132.35|13024.3|206.415|-130.473|217.699|13.3
13358.1|9119.26|13046|206.415|-131.454|217.699|13.4
13378.7|9106.06|13067.8|206.415|-132.435|217.699|13.5
13399.4|9092.77|13089.6|206.415|-133.416|217.699|13.6
13420|9079.38|13111.3|206.415|-134.397|217.699|13.7
13440.7|9065.89|13133.1|206.415|-135.378|217.699|13.8
13461.3|9052.3|13154.9|206.415|-136.359|217.699|13.9
13481.9|9038.62|13176.6|206.415|-137.34|217.699|14
13502.6|9024.84|13198.4|206.415|-138.321|217.699|14.1
13523.2|9010.96|13220.2|206.415|-139.302|217.699|14.2
13543.9|8996.98|13242|206.415|-140.283|217.699|14.3
13564.5|8982.9|13263.7|206.415|-141.264|217.699|14.4
13585.2|8968.72|13285.5|206.415|-142.245|217.699|14.5
13605.8|8954.45|13307.3|206.415|-143.226|217.699|14.6
13626.4|8940.08|13329|206.415|-144.207|217.699|14.7
13647.1|8925.61|13350.8|206.415|-145.188|217.699|14.8
13667.7|8911.04|13372.6|206.415|-146.169|217.699|14.9
13688.4|8896.37|13394.3|206.415|-147.15|217.699|15
13709|8881.61|13416.1|206.415|-148.131|217.699|15.1
13729.6|8866.75|13437.9|206.415|-149.112|217.699|15.2
13750.3|8851.79|13459.7|206.415|-150.093|217.699|15.3
13770.9|8836.73|13481.4|206.415|-151.074|217.699|15.4
13791.6|8821.57|13503.2|206.415|-152.055|217.699|15.5
13812.2|8806.32|13525|206.415|-153.036|217.699|15.6
13832.9|8790.97|13546.7|206.415|-154.017|217.699|15.7
13853.5|8775.52|13568.5|206.415|-154.998|217.699|15.8
13874.1|8759.97|13590.3|206.415|-155.979|217.699|15.9
13894.8|8744.32|13612|206.415|-156.96|217.699|16
13915.4|8728.57|13633.8|206.415|-157.941|217.699|16.1
13936.1|8712.73|13655.6|206.415|-158.922|217.699|16.2
13956.7|8696.79|13677.4|206.415|-159.903|217.699|16.3
13977.3|8680.75|13699.1|206.415|-160.884|217.699|16.4
13998|8664.61|13720.9|206.415|-161.865|217.699|16.5
14018.6|8648.38|13742.7|206.415|-162.846|217.699|16.6
14039.3|8632.04|13764.4|206.415|-163.827|217.699|16.7
14059.9|8615.61|13786.2|206.415|-164.808|217.699|16.8
14080.5|8599.08|13808|206.415|-165.789|217.699|16.9
14101.2|8582.45|13829.7|206.415|-166.77|217.699|17
14121.8|8565.73|13851.5|206.415|-167.751|217.699|17.1
14142.5|8548.9|13873.3|206.415|-168.732|217.699|17.2
14163.1|8531.98|13895.1|206.415|-169.713|217.699|17.3
14183.8|8514.96|13916.8|206.415|-170.694|217.699|17.4
14204.4|8497.84|13938.6|206.415|-171.675|217.699|17.5
14225|8480.63|13960.4|206.415|-172.656|217.699|17.6
14245.7|8463.31|13982.1|206.415|-173.637|217.699|17.7
14266.3|8445.9|14003.9|206.415|-174.618|217.699|17.8
14287|8428.39|14025.7|206.415|-175.599|217.699|17.9
14307.6|8410.78|14047.4|206.415|-176.58|217.699|18
14328.2|8393.07|14069.2|206.415|-177.561|217.699|18.1
14348.9|8375.27|14091|206.415|-178.542|217.699|18.2
14369.5|8357.36|14112.7|206.415|-179.523|217.699|18.3
14390.2|8339.36|14134.5|206.415|-180.504|217.699|18.4
14410.8|8321.26|14156.3|206.415|-181.485|217.699|18.5
14431.5|8303.07|14178.1|206.415|-182.466|217.699|18.6
14452.1|8284.77|14199.8|206.415|-183.447|217.699|18.7
14472.7|8266.38|14221.6|206.415|-184.428|217.699|18.8
14493.4|8247.88|14243.4|206.415|-185.409|217.699|18.9
14514|8229.29|14265.1|206.415|-186.39|217.699|19
14534.7|8210.61|14286.9|206.415|-187.371|217.699|19.1
14555.3|8191.82|14308.7|206.415|-188.352|217.699|19.2
14575.9|8172.94|14330.4|206.415|-189.333|217.699|19.3
14596.6|8153.95|14352.2|206.415|-190.314|217.699|19.4
14617.2|8134.87|14374|206.415|-191.295|217.699|19.5
14637.9|8115.7|14395.8|206.415|-192.276|217.699|19.6
14658.5|8096.42|14417.5|206.415|-193.257|217.699|19.7
14679.1|8077.04|14439.3|206.415|-194.238|217.699|19.8
14699.8|8057.57|14461.1|206.415|-195.219|217.699|19.9
14720.4|8038|14482.8|206.415|-196.2|217.699|20
14741.1|8018.33|14504.6|206.415|-197.181|217.699|20.1
14761.7|7998.56|14526.4|206.415|-198.162|217.699|20.2
14782.4|7978.7|14548.1|206.415|-199.143|217.699|20.3
14803|7958.74|14569.9|206.415|-200.124|217.699|20.4
14823.6|7938.67|14591.7|206.415|-201.105|217.699|20.5
14844.3|7918.51|14613.5|206.415|-202.086|217.699|20.6
14864.9|7898.26|14635.2|206.415|-203.067|217.699|20.7
14885.6|7877.9|14657|206.415|-204.048|217.699|20.8
14906.2|7857.45|14678.8|206.415|-205.029|217.699|20.9
14926.8|7836.89|14700.5|206.415|-206.01|217.699|21
14947.5|7816.24|14722.3|206.415|-206.991|217.699|21.1
14968.1|7795.5|14744.1|206.415|-207.972|217.699|21.2
14988.8|7774.65|14765.8|206.415|-208.953|217.699|21.3
15009.4|7753.71|14787.6|206.415|-209.934|217.699|21.4
15030.1|7732.66|14809.4|206.415|-210.915|217.699|21.5
15050.7|7711.52|14831.2|206.415|-211.896|217.699|21.6
15071.3|7690.28|14852.9|206.415|-212.877|217.699|21.7
15092|7668.95|14874.7|206.415|-213.858|217.699|21.8
15112.6|7647.51|14896.5|206.415|-214.839|217.699|21.9
15133.3|7625.98|14918.2|206.415|-215.82|217.699|22
15153.9|7604.35|14940|206.415|-216.801|217.699|22.1
15174.5|7582.62|14961.8|206.415|-217.782|217.699|22.2
15195.2|7560.79|14983.5|206.415|-218.763|217.699|22.3
15215.8|7538.87|15005.3|206.415|-219.744|217.699|22.4
15236.5|7516.84|15027.1|206.415|-220.725|217.699|22.5
15257.1|7494.72|15048.9|206.415|-221.706|217.699|22.6
15277.8|7472.5|15070.6|206.415|-222.687|217.699|22.7
15298.4|7450.18|15092.4|206.415|-223.668|217.699|22.8
15319|7427.77|15114.2|206.415|-224.649|217.699|22.9
15339.7|7405.25|15135.9|206.415|-225.63|217.699|23
15360.3|7382.64|15157.7|206.415|-226.611|217.699|23.1
15381|7359.93|15179.5|206.415|-227.592|217.699|23.2
15401.6|7337.12|15201.2|206.415|-228.573|217.699|23.3
15422.2|7314.22|15223|206.415|-229.554|217.699|23.4
15442.9|7291.21|15244.8|206.415|-230.535|217.699|23.5
15463.5|7268.11|15266.6|206.415|-231.516|217.699|23.6
15484.2|7244.91|15288.3|206.415|-232.497|217.699|23.7
15504.8|7221.61|15310.1|206.415|-233.478|217.699|23.8
15525.4|7198.21|15331.9|206.415|-234.459|217.699|23.9
15546.1|7174.72|15353.6|206.415|-235.44|217.699|24
15566.7|7151.13|15375.4|206.415|-236.421|217.699|24.1
15587.4|7127.44|15397.2|206.415|-237.402|217.699|24.2
15608|7103.65|15418.9|206.415|-238.383|217.699|24.3
15628.7|7079.76|15440.7|206.415|-239.364|217.699|24.4
15649.3|7055.77|15462.5|206.415|-240.345|217.699|24.5
15669.9|7031.69|15484.3|206.415|-241.326|217.699|24.6
15690.6|7007.51|15506|206.415|-242.307|217.699|24.7
15711.2|6983.23|15527.8|206.415|-243.288|217.699|24.8
15731.9|6958.85|15549.6|206.415|-244.269|217.699|24.9
15752.5|6934.37|15571.3|206.415|-245.25|217.699|25
15773.1|6909.8|15593.1|206.415|-246.231|217.699|25.1
15793.8|6885.13|15614.9|206.415|-247.212|217.699|25.2
15814.4|6860.36|15636.6|206.415|-248.193|217.699|25.3
15835.1|6835.49|15658.4|206.415|-249.174|217.699|25.4
15855.7|6810.52|15680.2|206.415|-250.155|217.699|25.5
15876.4|6785.46|15702|206.415|-251.136|217.699|25.6
15897|6760.3|15723.7|206.415|-252.117|217.699|25.7
15917.6|6735.04|15745.5|206.415|-253.098|217.699|25.8
15938.3|6709.68|15767.3|206.415|-254.079|217.699|25.9
15958.9|6684.22|15789|206.415|-255.06|217.699|26
15979.6|6658.66|15810.8|206.415|-256.041|217.699|26.1
16000.2|6633.01|15832.6|206.415|-257.022|217.699|26.2
16020.8|6607.26|15854.3|206.415|-258.003|217.699|26.3
16041.5|6581.41|15876.1|206.415|-258.984|217.699|26.4
16062.1|6555.46|15897.9|206.415|-259.965|217.699|26.5
16082.8|6529.42|15919.7|206.415|-260.946|217.699|26.6
16103.4|6503.27|15941.4|206.415|-261.927|217.699|26.7
16124.1|6477.03|15963.2|206.415|-262.908|217.699|26.8
16144.7|6450.69|15985|206.415|-263.889|217.699|26.9
16165.3|6424.25|16006.7|206.415|-264.87|217.699|27
16186|6397.72|16028.5|206.415|-265.851|217.699|27.1
16206.6|6371.08|16050.3|206.415|-266.832|217.699|27.2
16227.3|6344.35|16072|206.415|-267.813|217.699|27.3
16247.9|6317.52|16093.8|206.415|-268.794|217.699|27.4
16268.5|6290.59|16115.6|206.415|-269.775|217.699|27.5
16289.2|6263.57|16137.4|206.415|-270.756|217.699|27.6
16309.8|6236.44|16159.1|206.415|-271.737|217.699|27.7
16330.5|6209.22|16180.9|206.415|-272.718|217.699|27.8
16351.1|6181.9|16202.7|206.415|-273.699|217.699|27.9
16371.7|6154.48|16224.4|206.415|-274.68|217.699|28
16392.4|6126.96|16246.2|206.415|-275.661|217.699|28.1
16413|6099.35|16268|206.415|-276.642|217.699|28.2
16433.7|6071.63|16289.7|206.415|-277.623|217.699|28.3
16454.3|6043.82|16311.5|206.415|-278.604|217.699|28.4
16475|6015.91|16333.3|206.415|-279.585|217.699|28.5
16495.6|5987.91|16355.1|206.415|-280.566|217.699|28.6
16516.2|5959.8|16376.8|206.415|-281.547|217.699|28.7
16536.9|5931.6|16398.6|206.415|-282.528|217.699|28.8
16557.5|5903.29|16420.4|206.415|-283.509|217.699|28.9
16578.2|5874.89|16442.1|206.415|-284.49|217.699|29
16598.8|5846.4|16463.9|206.415|-285.471|217.699|29.1
16619.4|5817.8|16485.7|206.415|-286.452|217.699|29.2
16640.1|5789.11|16507.4|206.415|-287.433|217.699|29.3
16660.7|5760.31|16529.2|206.415|-288.414|217.699|29.4
16681.4|5731.42|16551|206.415|-289.395|217.699|29.5
16702|5702.44|16572.8|206.415|-290.376|217.699|29.6
16722.7|5673.35|16594.5|206.415|-291.357|217.699|29.7
16743.3|5644.16|16616.3|206.415|-292.338|217.699|29.8
16763.9|5614.88|16638.1|206.415|-293.319|217.699|29.9
16784.6|5585.5|16659.8|206.415|-294.3|217.699|30
16805.2|5556.02|16681.6|206.415|-295.281|217.699|30.1
16825.9|5526.44|16703.4|206.415|-296.262|217.699|30.2
16846.5|5496.77|16725.1|206.415|-297.243|217.699|30.3
16867.1|5467|16746.9|206.415|-298.224|217.699|30.4
16887.8|5437.12|16768.7|206.415|-299.205|217.699|30.5
16908.4|5407.15|16790.5|206.415|-300.186|217.699|30.6
16929.1|5377.09|16812.2|206.415|-301.167|217.699|30.7
16949.7|5346.92|16834|206.415|-302.148|217.699|30.8
16970.4|5316.66|16855.8|206.415|-303.129|217.699|30.9
16991|5286.29|16877.5|206.415|-304.11|217.699|31
17011.6|5255.83|16899.3|206.415|-305.091|217.699|31.1
17032.3|5225.28|16921.1|206.415|-306.072|217.699|31.2
17052.9|5194.62|16942.8|206.415|-307.053|217.699|31.3
17073.6|5163.87|16964.6|206.415|-308.034|217.699|31.4
17094.2|5133.01|16986.4|206.415|-309.015|217.699|31.5
17114.8|5102.06|17008.2|206.415|-309.996|217.699|31.6
17135.5|5071.01|17029.9|206.415|-310.977|217.699|31.7
17156.1|5039.87|17051.7|206.415|-311.958|217.699|31.8
17176.8|5008.62|17073.5|206.415|-312.939|217.699|31.9
17197.4|4977.28|17095.2|206.415|-313.92|217.699|32
17218|4945.84|17117|206.415|-314.901|217.699|32.1
17238.7|4914.3|17138.8|206.415|-315.882|217.699|32.2
17259.3|4882.66|17160.5|206.415|-316.863|217.699|32.3
17280|4850.93|17182.3|206.415|-317.844|217.699|32.4
17300.6|4819.09|17204.1|206.415|-318.825|217.699|32.5
17321.3|4787.16|17225.9|206.415|-319.806|217.699|32.6
17341.9|4755.13|17247.6|206.415|-320.787|217.699|32.7
17362.5|4723|17269.4|206.415|-321.768|217.699|32.8
17383.2|4690.78|17291.2|206.415|-322.749|217.699|32.9
17403.8|4658.45|17312.9|206.415|-323.73|217.699|33
17424.5|4626.03|17334.7|206.415|-324.711|217.699|33.1
17445.1|4593.51|17356.5|206.415|-325.692|217.699|33.2
17465.7|4560.89|17378.2|206.415|-326.673|217.699|33.3
17486.4|4528.18|17400|206.415|-327.654|217.699|33.4
17507|4495.36|17421.8|206.415|-328.635|217.699|33.5
17527.7|4462.45|17443.6|206.415|-329.616|217.699|33.6
17548.3|4429.44|17465.3|206.415|-330.597|217.699|33.7
17569|4396.33|17487.1|206.415|-331.578|217.699|33.8
17589.6|4363.12|17508.9|206.415|-332.559|217.699|33.9
17610.2|4329.82|17530.6|206.415|-333.54|217.699|34
17630.9|4296.42|17552.4|206.415|-334.521|217.699|34.1
17651.5|4262.92|17574.2|206.415|-335.502|217.699|34.2
17672.2|4229.32|17595.9|206.415|-336.483|217.699|34.3
17692.8|4195.62|17617.7|206.415|-337.464|217.699|34.4
17713.4|4161.82|17639.5|206.415|-338.445|217.699|34.5
17734.1|4127.93|17661.3|206.415|-339.426|217.699|34.6
17754.7|4093.94|17683|206.415|-340.407|217.699|34.7
17775.4|4059.85|17704.8|206.415|-341.388|217.699|34.8
17796|4025.66|17726.6|206.415|-342.369|217.699|34.9
17816.7|3991.37|17748.3|206.415|-343.35|217.699|35
17837.3|3956.99|17770.1|206.415|-344.331|217.699|35.1
17857.9|3922.51|17791.9|206.415|-345.312|217.699|35.2
17878.6|3887.93|17813.6|206.415|-346.293|217.699|35.3
17899.2|3853.25|17835.4|206.415|-347.274|217.699|35.4
17919.9|3818.47|17857.2|206.415|-348.255|217.699|35.5
17940.5|3783.6|17878.9|206.415|-349.236|217.699|35.6
17961.1|3748.63|17900.7|206.415|-350.217|217.699|35.7
17981.8|3713.56|17922.5|206.415|-351.198|217.699|35.8
18002.4|3678.39|17944.3|206.415|-352.179|217.699|35.9
18023.1|3643.12|17966|206.415|-353.16|217.699|36
18043.7|3607.75|17987.8|206.415|-354.141|217.699|36.1
18064.3|3572.29|18009.6|206.415|-355.122|217.699|36.2
18085|3536.73|18031.3|206.415|-356.103|217.699|36.3
18105.6|3501.07|18053.1|206.415|-357.084|217.699|36.4
18126.3|3465.31|18074.9|206.415|-358.065|217.699|36.5
18146.9|3429.46|18096.6|206.415|-359.046|217.699|36.6
18167.6|3393.5|18118.4|206.415|-360.027|217.699|36.7
18188.2|3357.45|18140.2|206.415|-361.008|217.699|36.8
18208.8|3321.3|18162|206.415|-361.989|217.699|36.9
18229.5|3285.05|18183.7|206.415|-362.97|217.699|37
18250.1|3248.71|18205.5|206.415|-363.951|217.699|37.1
18270.8|3212.26|18227.3|206.415|-364.932|217.699|37.2
18291.4|3175.72|18249|206.415|-365.913|217.699|37.3
18312|3139.08|18270.8|206.415|-366.894|217.699|37.4
18332.7|3102.34|18292.6|206.415|-367.875|217.699|37.5
18353.3|3065.51|18314.3|206.415|-368.856|217.699|37.6
18374|3028.57|18336.1|206.415|-369.837|217.699|37.7
18394.6|2991.54|18357.9|206.415|-370.818|217.699|37.8
18415.3|2954.41|18379.7|206.415|-371.799|217.699|37.9
18435.9|2917.18|18401.4|206.415|-372.78|217.699|38
18456.5|2879.85|18423.2|206.415|-373.761|217.699|38.1
18477.2|2842.43|18445|206.415|-374.742|217.699|38.2
18497.8|2804.9|18466.7|206.415|-375.723|217.699|38.3
18518.5|2767.28|18488.5|206.415|-376.704|217.699|38.4
18539.1|2729.56|18510.3|206.415|-377.685|217.699|38.5
18559.7|2691.75|18532|206.415|-378.666|217.699|38.6
18580.4|2653.83|18553.8|206.415|-379.647|217.699|38.7
18601|2615.82|18575.6|206.415|-380.628|217.699|38.8
18621.7|2577.7|18597.4|206.415|-381.609|217.699|38.9
18642.3|2539.49|18619.1|206.415|-382.59|217.699|39
18663|2501.19|18640.9|206.415|-383.571|217.699|39.1
18683.6|2462.78|18662.7|206.415|-384.552|217.699|39.2
18704.2|2424.28|18684.4|206.415|-385.533|217.699|39.3
18724.9|2385.67|18706.2|206.415|-386.514|217.699|39.4
18745.5|2346.97|18728|206.415|-387.495|217.699|39.5
18766.2|2308.18|18749.7|206.415|-388.476|217.699|39.6
18786.8|2269.28|18771.5|206.415|-389.457|217.699|39.7
18807.4|2230.28|18793.3|206.415|-390.438|217.699|39.8
18828.1|2191.19|18815.1|206.415|-391.419|217.699|39.9
18848.7|2152|18836.8|206.415|-392.4|217.699|40
18869.4|2112.71|18858.6|206.415|-393.381|217.699|40.1
18890|2073.32|18880.4|206.415|-394.362|217.699|40.2
18910.6|2033.84|18902.1|206.415|-395.343|217.699|40.3
18931.3|1994.26|18923.9|206.415|-396.324|217.699|40.4
18951.9|1954.57|18945.7|206.415|-397.305|217.699|40.5
18972.6|1914.79|18967.4|206.415|-398.286|217.699|40.6
18993.2|1874.92|18989.2|206.415|-399.267|217.699|40.7
19013.9|1834.94|19011|206.415|-400.248|217.699|40.8
19034.5|1794.87|19032.8|206.415|-401.229|217.699|40.9
19055.1|1754.69|19054.5|206.415|-402.21|217.699|41
19075.8|1714.42|19076.3|206.415|-403.191|217.699|41.1
19096.4|1674.06|19098.1|206.415|-404.172|217.699|41.2
19117.1|1633.59|19119.8|206.415|-405.153|217.699|41.3
19137.7|1593.03|19141.6|206.415|-406.134|217.699|41.4
19158.3|1552.36|19163.4|206.415|-407.115|217.699|41.5
19179|1511.6|19185.1|206.415|-408.096|217.699|41.6
19199.6|1470.74|19206.9|206.415|-409.077|217.699|41.7
19220.3|1429.79|19228.7|206.415|-410.058|217.699|41.8
19240.9|1388.73|19250.5|206.415|-411.039|217.699|41.9
19261.6|1347.58|19272.2|206.415|-412.02|217.699|42
19282.2|1306.33|19294|206.415|-413.001|217.699|42.1
19302.8|1264.98|19315.8|206.415|-413.982|217.699|42.2
19323.5|1223.53|19337.5|206.415|-414.963|217.699|42.3
19344.1|1181.99|19359.3|206.415|-415.944|217.699|42.4
19364.8|1140.34|19381.1|206.415|-416.925|217.699|42.5
19385.4|1098.6|19402.8|206.415|-417.906|217.699|42.6
19406|1056.76|19424.6|206.415|-418.887|217.699|42.7
19426.7|1014.82|19446.4|206.415|-419.868|217.699|42.8
19447.3|972.789|19468.2|206.415|-420.849|217.699|42.9
19468|930.655|19489.9|206.415|-421.83|217.699|43
19488.6|888.423|19511.7|206.415|-422.811|217.699|43.1
19509.3|846.093|19533.5|206.415|-423.792|217.699|43.2
19529.9|803.665|19555.2|206.415|-424.773|217.699|43.3
19550.5|761.138|19577|206.415|-425.754|217.699|43.4
19571.2|718.514|19598.8|206.415|-426.735|217.699|43.5
19591.8|675.791|19620.5|206.415|-427.716|217.699|43.6
19612.5|632.971|19642.3|206.415|-428.697|217.699|43.7
19633.1|590.052|19664.1|206.415|-429.678|217.699|43.8
19653.7|547.035|19685.9|206.415|-430.659|217.699|43.9
19674.4|503.92|19707.6|206.415|-431.64|217.699|44
19695|460.707|19729.4|206.415|-432.621|217.699|44.1
19715.7|417.396|19751.2|206.415|-433.602|217.699|44.2
19736.3|373.987|19772.9|206.415|-434.583|217.699|44.3
19756.9|330.479|19794.7|206.415|-435.564|217.699|44.4
19777.6|286.874|19816.5|206.415|-436.545|217.699|44.5
19798.2|243.17|19838.2|206.415|-437.526|217.699|44.6
19818.9|199.369|19860|206.415|-438.507|217.699|44.7
19839.5|155.469|19881.8|206.415|-439.488|217.699|44.8
19860.2|111.471|19903.6|206.415|-440.469|217.699|44.9
19880.8|67.375|19925.3|206.415|-441.45|217.699|45
19901.4|23.1809|19947.1|206.415|-442.431|217.699|45.1
